$ANSIBLE_VAULT;1.1;AES256
63316166643564366539333939326266313334333630346235643136303738646163613730313434
3439616530653237356266393437386662623662656463340a306130616536653635323964353639
61386237303538346633633161366435313064643465396338393730626130613437623434663239
3131613435636366300a343932633438343065636634343531323566393064396434376263333739
65663366646437633135343633626663643265353562323361613038396466366266636635646636
34646639643330303939653364643336636261613239383432643232333731373038383262623239
66653934306466663263663531306238316136363433376236616431623039613233373730376137
34356336353133646331303431613735333937643432333238306534626431376636326332666336
39303233316437316662366634663563353437373832383662373135636235336230353163303430
65323834363939653464313865393834353666636432643566356165646239356238306431666133
38326161646132633766393639326266313736376263336165663733613937356164393830376332
64323036613432613836376363623164666233313033656630323235623837396138663161383835
39363431616535376363356332356534383939653533653135383534366530616438336161663661
62366463346130623233366233343434303731303662313337353639643334393362613337663933
66373436343663303136653232386165346264643065616361336364303339666266383232383361
32393864316339626563383235313062613535633232373839366137373965313363383433626437
30313835616664366135663736643034623333326261653065623134383136616536663431613861
65303431333530366132356134303661653734353661313137656665313764633537313339663730
63363938363761393737333931363564613838613232333631323934353761646337303935373230
65633837353766316166623762376234336666613036643039613064313731643034633935643161
34353364376263393862346465633133383965616232373831363264383334343239343962656332
66333137616633643732633063613131376133323764643434613531336630316333346634363535
39363333346363333639623138393633646166383339316336303332356562643064663665353535
32303834316237303537366239363137303335356639326164373865313035646466613633303862
30303161623333653866353839626539623633386431346438306632336438303361323831396632
39316336393530626365353438666238373432366337313633313461616132666238393636333230
65613136376466613462306261666632383036383038313939343234613833613335636133303231
35623538363831613030303330303131313830393939326532326362393434333266356339383662
62316632663232383666306430663363643163346263646633663932303635656665386136363237
34373732616530643436313438303134616234303031633938353961316632386430616565363561
62353164373366636161663937363233613566646266656630373830666334386239373963363530
33306337323234663366346364346239386135646339643733353231306437393630376535313564
33353861303736343064623231356231373965343763333134373464343766303661303836646137
34373362323938653932343436323138363032613830323130646331653537633130666332653566
31636531303464363463633564653334353361626137393439383439636638613136666663383535
35623231623634383635643464323637383536613463316532343863333266316561363539643765
66303863633632373431306334393535336136373866613865333065643861633838383037363837
39646438633861653931623236303733393437356162623930633262313963656638663862656661
63323038353265353235373331386534303866653362386536343862373734333630363066333333
33303264333239396533636536636236323537383661393934663737363465623433353435663030
66613161353062666461613966333138623538623864656538366166353637353439353732313761
35386334323934336336303839633930353562653362386437373831323138383337376435306136
63663262633634633332393430633662653135333262336163383166373330633938353562643236
38666134393837386630323062623737393633333836386238323266653661373738316339653463
30316234343335313434396362336364343462346233646334396639383432313966643465396533
33653637316535336661663866326635303030643938343633393936333964323331313538666364
30373531386338623766373233373835633265313233616438346530343064653836316637616231
35633532386237313566663266346563326435616135366334663135616230353032666564316237
38613835343434316232653163356236356232303831333831306665623235613463343932623761
31656436303935336632653063333661343138353530666532626132353165383139646636346161
65333662373037643138643831363661336664393637306333386132353361386138613434396238
30626164366136616537393439333964336330376564383637666166383362313363636532623337
32666238363961633564333666643265316237313731323634303138333734623838353930386431
31383935316265386665623765366239643965313961353131366237393464383338353238643432
37393261383633636535666366613533346662656137323632313461316433323463316233373265
61356131356138353763626263306462613463313137306634643766303536323561396566333233
34623965316331613538653838333561383533346338653664393366343736643563326432643534
30323330386630643936613637333434356262643437653666646162333431396666613732383932
62643561663533656533626436363036333233663162613566626635333434636239643133316431
64633665303964393266653038633136343639383638326562393964353164336637303262326333
62626364656466323337643566343938653234396563316366616432373638386366326130643533
66303962363463653038306634376631383565623962353463313965643036373430616532646434
32393165633232323865666234346535356330323166663834346366336138316338643535643664
35363635333962303463613631616163613130346563363030653833346231363733326464313133
61323139663436396161366438333630663531313639383962383135326337356238303732303138
39326636396133343038353661633637646366396331333532643330613063313862626438666234
34326432643839356166643665616635626163393063613231616439653434633534373438623330
30333137356461663732356365366164303734333531633661353461346361323736353235333631
38306334326139356335343565663732373339316165303637393332363737613733663430353633
36366163623837306165383862396237343236383637393161303663653430353438663364373861
36356661383536316339393437343330383762356331326330306436393265613534323765376462
30333564643135363433646664656361396262386537393732656239316239333934366365326366
66306662643539356133373437393832353263343834633364663561623837643363363465383534
63353033613764613534623062376336303731373137326262316435616330633234313737663866
38363861643166376633336231333135373663393538663364323164343562623563623732383338
61666638313632396162303661623434643337626436636234346361366438396531626336363561
61373238313633646166386631656162356563376363333265373362376535313765653433376134
62656566373662333337636638383864663265323836363062316662623439643031336466313633
37663961616262326639663663323331633565623433323137616166356665343837396365396636
64363263363234643434343935336166326361613063393336366566356139666138643532643938
63303633643561396633356439393066313634366465366332383066346131343930393031613862
64353934653962643638333330363163633239313930306638343237626366663264373765316334
66326432343630363963353464613031653365383365363539333336346639313064363961383438
31666631343166663036646532656534613831396466383964386236393331366533333736363232
65303165383138353931663063613362393863666264386439336333656635303461616332373366
63653930366136626165303664623365633037313437353131323036623864366237636334336239
31363834333165633435643031653934663930356562613638353966336561386564303338303432
64376664383362363661613039646131346336386236363731336464366432303234636239663534
61363165333236393331656335626563353763326561653763373464356264343335306234613037
32393935323861653761323936633162373066656564313263623434343961363133333037613436
33626265636366626137623737333035623239656437626531376466343332376431346339643265
30313231353332643331316631636531323235306662313437663861383338376635323062363632
38373736363866306663393065366437633633333361313033656161616535383261626237393466
64653531316164303962613638323336363261373830323364383738363535366231396265646632
38653462393665633834316337646134646537343361663062303438303635313031643033336634
64393861393932373564636363376333373534306537363538393630616665383131333763636336
37303131363265353564356361633139363961316161616335633263333032393035336639316364
63336462626439643333623161643738386335333036373964383938353933383135376362656539
31343836663837623232656561303165313533393234653264353661366637323735313138313265
66353563626138646339306561386565666434376437396234326235316337383639383539303837
61623064363131633936653432326239366232663962336336353034353938303230653336666264
32313036623632626532353231393636666162643934653835663264396132343830386634313039
64663164663864633561666133313565346330306366323239373038343930666564666136613939
65313032326532623637646133373730396533323434376130643165656234613531303566623865
36666131373364613337666135366161303835656231326433626664363332663634376164303462
30343836656334613763393039383365353238376131346636363331623261316331623139376439
65616466306566313938643334613634346236656331376131386336663033643434396165663132
33353430646263306434346639653137313833363333303761643662643933663934653332373234
36346464346435353536316564303431656435343963356532666462353164393039346430626465
34333266616139623331663933373264616131646435386265386364303164353936363665313333
31333737643633313330653635613466343165386664386234626662613837306632323035326437
37386438613736353266383031663039363933326234646539633162333537323233623833613363
38613464646230643363326237633533306138353561373538663663333661376262623339303936
38366338366262646437616661376364626566353930373561643635646531373364663430363361
37376133376264613535333864653031373030626263366438323462666362643231653037353562
36353032323933316534313335383430316132653238346338333562356237616231393635373633
61306230653464393736643164313632626330616433346531616363313635643966633931366536
62366266336365333361313561333233643938636161323231303630666238626631643864623966
31626438376535353736353036346363616436343830373137336666646564363639376264366135
39363737373761613339393361333762623236333765363439386237643137383233633262356538
66376339353637633130393733653831363136303734376232373434313130373431663335333332
35323432313766616531323464346165633261653739393431393131653065306630333465623331
35646439663536373833383435653465303866323665626238613037613735343032393238633832
61636636646434306238326465643635333237316231636131336437303339303063383332643662
30666264356234396262613661636339386561623639613435343964613062383862383030623435
38336565366261623435336361336234633133336636326534383661353162613532316631303932
64333630366230613732316164366338313463353531623636376139306362666666326536623165
30653632366165636166336438613033373533613532336630383735343966373664373937363466
63363134306461366337303764623932353831623632356232356464616235393139336165623961
66363065346162393736373935316532623035316231623164363361316263323263353532303562
65616338386437643333643736363662616463323663623532386664653434636133383663633635
32353063353131623265376562333262373162316231623632323436616133303861653366353938
65653334663130363538333233396631306565616663316464303331323766646162636366663264
32393435303965356161623934646436353436396131326163323461643331373330323663313465
663634366661386234646230613639633031
